6201021438
6201022237
6201010330
6201100108
6201102715
6201104097
6201104104
6201104105
6201102718
6201104098
6201102701
6201102699
6201102695
6201102707
6201102716
6201102700
6201102696
6201102694
6201102706
6201102712
6201102711
6201102717
6201102693
6201102705
6201104101
6201104102
6201102713
6201104103
6201104100
6201102714
6201102703
6201102697
6201102704
6201102698
6201104106
6201104099
6201102692
6201102691
6201102687
6201102681
6201102688
6201102682
6201102685
6201102680
6201102676
6201102683
6201102679
6201102675
6201102678
6201102686
6201102689
6201102690
6201102684
6201102677
6201104068
6201104074
6201104075
6201104064
6201104072
6201104069
6201104071
6201104067
6201104061
6201104076
6201104062
6201104065
6201104070
6201104077
6201104063
6201104073
6201104078
6201104066
6201102829
6201102830
6201102828
6201102831
6201102827
6201099145
6201011117
6201011119
6201011121
6201011127
6201017856
6201022248
